60 90
1 7
1 34
1 40
2 14
2 35
2 41
3 8
3 36
3 42
4 15
4 37
4 43
5 16
5 38
5 59
6 17
6 39
6 60
7 34
7 38
8 36
8 39
9 32
9 33
9 52
10 12
10 26
10 53
11 13
11 27
11 54
12 55
12 59
13 56
13 60
14 41
14 55
15 43
15 56
16 21
16 38
17 22
17 39
18 23
18 30
18 31
19 24
19 35
19 49
20 25
20 37
20 51
21 24
21 28
22 25
22 29
23 48
23 50
24 28
25 29
26 32
26 53
27 33
27 54
28 30
29 31
30 31
32 33
34 48
35 49
36 50
37 51
40 44
40 57
41 45
42 46
42 58
43 47
44 46
44 57
45 47
45 52
46 58
47 52
48 50
49 51
53 57
54 58
55 59
56 60
