60 120
1 3
1 9
1 13
1 36
2 4
2 10
2 14
2 37
3 11
3 15
3 38
4 12
4 16
4 39
5 6
5 17
5 23
5 35
6 18
6 24
6 35
7 8
7 19
7 25
7 40
8 20
8 26
8 40
9 13
9 23
9 41
10 14
10 24
10 42
11 15
11 25
11 43
12 16
12 26
12 44
13 15
13 54
14 16
14 55
15 56
16 57
17 18
17 41
17 53
18 42
18 53
19 20
19 43
19 58
20 44
20 58
21 31
21 33
21 36
21 38
22 32
22 34
22 37
22 39
23 27
23 36
24 28
24 37
25 29
25 38
26 30
26 39
27 31
27 35
27 36
28 32
28 35
28 37
29 33
29 38
29 40
30 34
30 39
30 40
31 32
31 33
32 34
33 34
41 45
41 54
42 46
42 55
43 47
43 56
44 48
44 57
45 49
45 53
45 54
46 50
46 53
46 55
47 51
47 56
47 58
48 52
48 57
48 58
49 50
49 51
49 59
50 52
50 60
51 52
51 59
52 60
54 59
55 60
56 59
57 60
