120 180
1 5
1 11
1 41
2 6
2 12
2 42
3 7
3 15
3 43
4 8
4 16
4 44
5 7
5 17
6 8
6 18
7 19
8 20
9 10
9 21
9 45
10 22
10 46
11 23
11 47
12 24
12 48
13 14
13 25
13 51
14 26
14 52
15 27
15 49
16 28
16 50
17 19
17 29
18 20
18 30
19 31
20 32
21 22
21 93
22 94
23 29
23 95
24 30
24 96
25 26
25 99
26 100
27 31
27 97
28 32
28 98
29 109
30 110
31 111
32 112
33 37
33 57
33 65
34 38
34 58
34 66
35 39
35 59
35 67
36 40
36 60
36 68
37 53
37 73
38 54
38 74
39 55
39 75
40 56
40 76
41 47
41 53
42 48
42 54
43 49
43 55
44 50
44 56
45 61
45 69
46 62
46 70
47 61
48 62
49 63
50 64
51 63
51 71
52 64
52 72
53 65
54 66
55 67
56 68
57 58
57 59
58 60
59 60
61 73
62 74
63 75
64 76
65 67
66 68
69 70
69 73
70 74
71 72
71 75
72 76
77 81
77 93
77 95
78 82
78 94
78 96
79 83
79 97
79 99
80 84
80 98
80 100
81 89
81 113
82 90
82 114
83 91
83 115
84 92
84 116
85 86
85 87
85 117
86 88
86 118
87 88
87 119
88 120
89 90
89 93
90 94
91 92
91 99
92 100
95 109
96 110
97 111
98 112
101 105
101 109
101 113
102 106
102 110
102 114
103 107
103 111
103 115
104 108
104 112
104 116
105 107
105 117
106 108
106 118
107 119
108 120
113 117
114 118
115 119
116 120
