60 150
1 5
1 9
1 19
1 25
1 27
2 6
2 10
2 20
2 26
2 28
3 5
3 9
3 13
3 29
3 43
4 6
4 10
4 14
4 30
4 44
5 9
5 15
5 29
6 10
6 16
6 30
7 11
7 15
7 29
7 45
7 49
8 12
8 16
8 30
8 46
8 50
9 17
9 25
10 18
10 26
11 45
11 49
11 52
11 54
12 46
12 50
12 51
12 53
13 29
13 43
13 51
13 53
14 30
14 44
14 52
14 54
15 29
15 39
15 45
16 30
16 40
16 46
17 25
17 31
17 55
17 59
18 26
18 32
18 56
18 60
19 25
19 27
19 35
19 37
20 26
20 28
20 36
20 38
21 23
21 39
21 41
21 45
21 47
22 24
22 40
22 42
22 46
22 48
23 41
23 47
23 56
23 60
24 42
24 48
24 55
24 59
25 31
26 32
27 37
27 39
27 41
28 38
28 40
28 42
31 34
31 57
31 59
32 33
32 58
32 60
33 35
33 37
33 58
33 60
34 36
34 38
34 57
34 59
35 37
35 57
35 58
36 38
36 57
36 58
37 41
38 42
39 41
39 45
40 42
40 46
43 48
43 53
43 55
44 47
44 54
44 56
47 54
47 56
48 53
48 55
49 50
49 51
49 52
50 51
50 52
51 53
52 54
55 59
56 60
57 58
