90 135
1 2
1 18
1 90
2 3
2 83
3 4
3 40
4 5
4 57
5 6
5 14
6 7
6 79
7 8
7 24
8 9
8 89
9 10
9 46
10 11
10 63
11 12
11 20
12 13
12 85
13 14
13 30
14 15
15 16
15 52
16 17
16 69
17 18
17 26
18 19
19 20
19 36
20 21
21 22
21 58
22 23
22 75
23 24
23 32
24 25
25 26
25 42
26 27
27 28
27 64
28 29
28 81
29 30
29 38
30 31
31 32
31 48
32 33
33 34
33 70
34 35
34 87
35 36
35 44
36 37
37 38
37 54
38 39
39 40
39 76
40 41
41 42
41 50
42 43
43 44
43 60
44 45
45 46
45 82
46 47
47 48
47 56
48 49
49 50
49 66
50 51
51 52
51 88
52 53
53 54
53 62
54 55
55 56
55 72
56 57
57 58
58 59
59 60
59 68
60 61
61 62
61 78
62 63
63 64
64 65
65 66
65 74
66 67
67 68
67 84
68 69
69 70
70 71
71 72
71 80
72 73
73 74
73 90
74 75
75 76
76 77
77 78
77 86
78 79
79 80
80 81
81 82
82 83
83 84
84 85
85 86
86 87
87 88
88 89
89 90
