112 168
1 2
1 48
1 112
2 3
2 91
3 4
3 84
4 5
4 43
5 6
5 30
6 7
6 97
7 8
7 88
8 9
8 79
9 10
9 34
10 11
10 25
11 12
11 40
12 13
12 83
13 14
13 106
14 15
14 29
15 16
15 78
16 17
16 49
17 18
17 56
18 19
18 95
19 20
19 110
20 21
20 37
21 22
21 100
22 23
22 71
23 24
23 64
24 25
24 55
25 26
26 27
26 109
27 28
27 68
28 29
28 59
29 30
30 31
31 32
31 52
32 33
32 63
33 34
33 94
34 35
35 36
35 58
36 37
36 45
37 38
38 39
38 89
39 40
39 74
40 41
41 42
41 62
42 43
42 103
43 44
44 45
44 77
45 46
46 47
46 107
47 48
47 98
48 49
49 50
50 51
50 69
51 52
51 102
52 53
53 54
53 82
54 55
54 75
55 56
56 57
57 58
57 104
58 59
59 60
60 61
60 99
61 62
61 86
62 63
63 64
64 65
65 66
65 90
66 67
66 81
67 68
67 96
68 69
69 70
70 71
70 85
71 72
72 73
72 105
73 74
73 112
74 75
75 76
76 77
76 93
77 78
78 79
79 80
80 81
80 111
81 82
82 83
83 84
84 85
85 86
86 87
87 88
87 108
88 89
89 90
90 91
91 92
92 93
92 101
93 94
94 95
95 96
96 97
97 98
98 99
99 100
100 101
101 102
102 103
103 104
104 105
105 106
106 107
107 108
108 109
109 110
110 111
111 112
