27 216
1 2
1 3
1 4
1 5
1 6
1 7
1 18
1 19
1 20
1 21
1 22
1 23
1 24
1 25
1 26
1 27
2 3
2 4
2 5
2 6
2 8
2 14
2 15
2 16
2 17
2 22
2 23
2 24
2 25
2 26
2 27
3 4
3 5
3 6
3 9
3 13
3 15
3 16
3 17
3 19
3 20
3 21
3 25
3 26
3 27
4 5
4 6
4 10
4 13
4 14
4 16
4 17
4 18
4 20
4 21
4 23
4 24
4 27
5 6
5 11
5 13
5 14
5 15
5 17
5 18
5 19
5 21
5 22
5 24
5 26
6 12
6 13
6 14
6 15
6 16
6 18
6 19
6 20
6 22
6 23
6 25
7 8
7 9
7 10
7 11
7 12
7 18
7 19
7 20
7 21
7 22
7 23
7 24
7 25
7 26
7 27
8 9
8 10
8 11
8 12
8 14
8 15
8 16
8 17
8 22
8 23
8 24
8 25
8 26
8 27
9 10
9 11
9 12
9 13
9 15
9 16
9 17
9 19
9 20
9 21
9 25
9 26
9 27
10 11
10 12
10 13
10 14
10 16
10 17
10 18
10 20
10 21
10 23
10 24
10 27
11 12
11 13
11 14
11 15
11 17
11 18
11 19
11 21
11 22
11 24
11 26
12 13
12 14
12 15
12 16
12 18
12 19
12 20
12 22
12 23
12 25
13 14
13 15
13 16
13 17
13 18
13 19
13 20
13 21
14 15
14 16
14 17
14 18
14 22
14 23
14 24
15 16
15 17
15 19
15 22
15 25
15 26
16 17
16 20
16 23
16 25
16 27
17 21
17 24
17 26
17 27
18 19
18 20
18 21
18 22
18 23
18 24
19 20
19 21
19 22
19 25
19 26
20 21
20 23
20 25
20 27
21 24
21 26
21 27
22 23
22 24
22 25
22 26
23 24
23 25
23 27
24 26
24 27
25 26
25 27
26 27
