36 90 
1 2
1 23
1 26
1 30
1 36
2 3
2 13
2 19
2 32
3 4
3 8
3 21
3 24
4 5
4 11
4 17
4 36
5 6
5 20
5 28
5 31
6 7
6 10
6 13
6 23
7 8
7 17
7 26
7 34
8 9
8 14
8 29
9 10
9 22
9 27
9 36
10 11
10 19
10 33
11 12
11 25
11 30
12 13
12 16
12 21
12 27
13 14
13 35
14 15
14 25
14 31
15 16
15 20
15 33
15 36
16 17
16 23
16 29
17 18
17 32
18 19
18 22
18 25
18 35
19 20
19 29
20 21
20 26
21 22
21 34
22 23
22 31
23 24
24 25
24 28
24 33
25 26
26 27
27 28
27 32
28 29
28 35
29 30
30 31
30 34
31 32
32 33
33 34
34 35
35 36
